em: 0.47413793103448276
f1: 0.06755048534967399
acc: 0.9257294429708223
