em: 0.48143236074270557
f1: 0.07183422420491388
acc: 0.9316976127320955
