em: 0.0
f1: 0.053184656004268915
acc: 0.11772853185595568
