em: 0.42838196286472147
f1: 0.009040590650230874
acc: 0.9018567639257294
