em: 0.0
f1: 0.02952338883977141
acc: 0.08116343490304709
