em: 0.0703601108033241
f1: 0.13254545330425851
acc: 0.1556786703601108
