em: 0.08554376657824933
f1: 0.002699932188531691
acc: 0.8992042440318302
