em: 0.03074792243767313
f1: 0.07394678058910995
acc: 0.09695290858725762
